450.17 0.00052218
450.4 0.00051287
450.62 0.00051299
450.85 0.00051542
451.08 0.00049282
451.3 0.00050065
451.53 0.00051288
451.76 0.00048132
451.99 0.00050324
452.21 0.00050438
452.44 0.00049372
452.67 0.00049597
452.89 0.00050014
453.12 0.00050925
453.35 0.00051224
453.57 0.00050648
453.8 0.00050194
454.03 0.0005008
454.25 0.0004847
454.48 0.00049869
454.71 0.00048321
454.94 0.00047838
455.16 0.00049462
455.39 0.00049049
455.62 0.00048781
455.84 0.00048153
456.07 0.00049596
456.3 0.0004976
456.52 0.00049092
456.75 0.00049576
456.98 0.00049942
457.2 0.00050837
457.43 0.00051406
457.66 0.0005219
457.88 0.00052868
458.11 0.00054207
458.34 0.00054137
458.57 0.00054475
458.79 0.00055023
459.02 0.00055409
459.25 0.00055672
459.47 0.00057133
459.7 0.00057274
459.93 0.00058835
460.15 0.00059205
460.38 0.00060649
460.61 0.00061767
460.83 0.00062277
461.06 0.00063965
461.29 0.00064841
461.52 0.00065758
461.74 0.00066144
461.97 0.00066932
462.2 0.00067611
462.42 0.00069369
462.65 0.00070065
462.88 0.00069853
463.1 0.00070192
463.33 0.00071779
463.56 0.00072666
463.78 0.00073009
464.01 0.00073362
464.24 0.00074915
464.47 0.00076311
464.69 0.0007617
464.92 0.00076331
465.15 0.00076373
465.37 0.00075452
465.6 0.00075197
465.83 0.00075421
466.05 0.00073745
466.28 0.00072919
466.51 0.00071003
466.73 0.00070298
466.96 0.00068393
467.19 0.00066957
467.42 0.00065214
467.64 0.00065244
467.87 0.00064299
468.1 0.00062313
468.32 0.00061597
468.55 0.00061691
468.78 0.00061255
469 0.00060135
469.23 0.00060021
469.46 0.00059648
469.68 0.00059475
469.91 0.00059901
470.14 0.00058016
470.36 0.00058392
470.59 0.0005693
470.82 0.00057056
471.05 0.00056767
471.27 0.00056336
471.5 0.00054682
471.73 0.00053895
471.95 0.0005385
472.18 0.00053722
472.41 0.00053427
472.63 0.00052765
472.86 0.00052582
473.09 0.00051875
473.31 0.00051391
473.54 0.00050154
473.77 0.00050725
474 0.00051069
474.22 0.00050159
474.45 0.00051265
474.68 0.00049999
474.9 0.00049161
475.13 0.00049215
475.36 0.00050369
475.58 0.00050388
475.81 0.00049195
476.04 0.00048434
476.26 0.00048979
476.49 0.00048973
476.72 0.0004958
476.95 0.00048621
477.17 0.00048304
477.4 0.00048944
477.63 0.00048297
477.85 0.00048263
478.08 0.00048071
478.31 0.00048488
478.53 0.0004829
478.76 0.00048806
478.99 0.00048123
479.21 0.00047351
479.44 0.00046993
479.67 0.00046631
479.9 0.00045936
480.12 0.0004618
480.35 0.00045621
480.58 0.00045354
480.8 0.00045023
481.03 0.00044222
481.26 0.00044241
481.48 0.00043231
481.71 0.00042991
481.94 0.0004281
482.16 0.00043025
482.39 0.00042974
482.62 0.00042899
482.85 0.00042842
483.07 0.00042929
483.3 0.00042939
483.53 0.00042965
483.75 0.0004354
483.98 0.00043428
484.21 0.00043501
484.43 0.00043927
484.66 0.00043863
484.89 0.00043398
485.11 0.00043659
485.34 0.00043318
485.57 0.00043313
485.79 0.00043847
486.02 0.00043973
486.25 0.00044241
486.48 0.0004356
486.7 0.00043525
486.93 0.00042822
487.16 0.00042314
487.38 0.00041848
487.61 0.0004148
487.84 0.00041282
488.06 0.00040686
488.29 0.00040218
488.52 0.00040022
488.74 0.00039872
488.97 0.00039742
489.2 0.00039594
489.43 0.00039371
489.65 0.00039221
489.88 0.00039374
490.11 0.00039598
490.33 0.00039448
490.56 0.00039317
490.79 0.00039467
491.01 0.00040004
491.24 0.00039651
491.47 0.00039996
491.69 0.00040144
491.92 0.00040095
492.15 0.00040475
492.38 0.00040178
492.6 0.00040261
492.83 0.00040632
493.06 0.00041005
493.28 0.00041031
493.51 0.00041491
493.74 0.00041367
493.96 0.00041398
494.19 0.00041224
494.42 0.00041419
494.64 0.00041557
494.87 0.00042151
495.1 0.0004263
495.33 0.00043048
495.55 0.00043243
495.78 0.00043393
496.01 0.00043752
496.23 0.00043828
496.46 0.00043423
496.69 0.0004301
496.91 0.00043089
497.14 0.0004285
497.37 0.00042914
497.59 0.00042584
497.82 0.00042231
498.05 0.00042326
498.27 0.00041519
498.5 0.00040935
498.73 0.00039858
498.96 0.00039173
499.18 0.00038873
499.41 0.000387
499.64 0.00038411
499.86 0.00037974
500.09 0.00037688
500.32 0.00037472
500.54 0.00036993
500.77 0.00036698
501 0.0003627
501.22 0.00035572
501.45 0.00034873
501.68 0.00034217
501.91 0.00034241
502.13 0.00033874
502.36 0.00033832
502.59 0.00034235
502.81 0.00034441
503.04 0.00034319
503.27 0.00034125
503.49 0.00034036
503.72 0.00033945
503.95 0.00033806
504.17 0.00033704
504.4 0.00033905
504.63 0.00034297
504.86 0.00034223
505.08 0.00034319
505.31 0.00034493
505.54 0.00034399
505.76 0.0003433
505.99 0.00034237
506.22 0.00034547
506.44 0.00034777
506.67 0.00035059
506.9 0.00035157
507.12 0.0003544
507.35 0.00035855
507.58 0.00035927
507.81 0.00036426
508.03 0.00037084
508.26 0.00037544
508.49 0.00037859
508.71 0.00038022
508.94 0.00037856
509.17 0.00037718
509.39 0.00037179
509.62 0.00036297
509.85 0.00035793
510.07 0.00035403
510.3 0.00034561
510.53 0.00034579
510.75 0.00034235
510.98 0.00033927
511.21 0.00033915
511.44 0.00033783
511.66 0.0003379
511.89 0.00034096
512.12 0.00034095
512.34 0.00034759
512.57 0.00035075
512.8 0.0003514
513.02 0.00035131
513.25 0.00035068
513.48 0.00035499
513.7 0.00035675
513.93 0.00035991
514.16 0.00036512
514.39 0.00036713
514.61 0.00037009
514.84 0.00037041
515.07 0.00037136
515.29 0.00036651
515.52 0.00037262
515.75 0.00037016
515.97 0.0003712
516.2 0.00037018
516.43 0.00036827
516.65 0.00036338
516.88 0.00035841
517.11 0.00036286
517.34 0.0003619
517.56 0.00036029
517.79 0.00036135
518.02 0.00036345
518.24 0.00036584
518.47 0.00036571
518.7 0.00036118
518.92 0.00036583
519.15 0.00036716
519.38 0.00036871
519.6 0.00036296
519.83 0.0003617
520.06 0.00036423
520.29 0.00036757
520.51 0.00036707
520.74 0.00037056
520.97 0.00037291
521.19 0.00037085
521.42 0.0003762
521.65 0.00038602
521.87 0.00039102
522.1 0.00040073
522.33 0.00041394
522.55 0.00043083
522.78 0.00045142
523.01 0.00047015
523.23 0.00049154
523.46 0.0005101
523.69 0.00053373
523.92 0.00054855
524.14 0.00057112
524.37 0.00059311
524.6 0.0006081
524.82 0.00062322
525.05 0.00062608
525.28 0.00062599
525.5 0.00061038
525.73 0.000598
525.96 0.00058104
526.18 0.00055762
526.41 0.00053824
526.64 0.00052176
526.87 0.00050037
527.09 0.00048624
527.32 0.00046269
527.55 0.00045384
527.77 0.00043675
528 0.00041893
528.23 0.00041355
528.45 0.00040139
528.68 0.00039029
528.91 0.00038575
529.13 0.00038545
529.36 0.00038729
529.59 0.00038651
529.82 0.00038546
530.04 0.00038392
530.27 0.00039275
530.5 0.00039572
530.72 0.00040269
530.95 0.00040374
531.18 0.00041061
531.4 0.00041455
531.63 0.00042229
531.86 0.00042554
532.08 0.00043241
532.31 0.00043142
532.54 0.00044016
532.77 0.00044326
532.99 0.00044609
533.22 0.00044941
533.45 0.00045794
533.67 0.00045552
533.9 0.00045402
534.13 0.00045573
534.35 0.00045368
534.58 0.00044964
534.81 0.00044493
535.03 0.00043771
535.26 0.00043284
535.49 0.00042766
535.72 0.00042036
535.94 0.000409
536.17 0.00039845
536.4 0.00038865
536.62 0.00037863
536.85 0.00037112
537.08 0.00036357
537.3 0.00035277
537.53 0.00034921
537.76 0.000342
537.98 0.0003349
538.21 0.00033254
538.44 0.00032903
538.66 0.00032231
538.89 0.00031591
539.12 0.00031019
539.35 0.00030407
539.57 0.00029658
539.8 0.00029134
540.03 0.00028695
540.25 0.00028337
540.48 0.00028092
540.71 0.00027852
540.93 0.00027688
541.16 0.00027333
541.39 0.00026923
541.61 0.0002657
541.84 0.0002629
542.07 0.00026034
542.3 0.00025908
542.52 0.00026214
542.75 0.00026252
542.98 0.00026442
543.2 0.00026652
543.43 0.00026783
543.66 0.00027187
543.88 0.00027421
544.11 0.00027847
544.34 0.0002827
544.56 0.00028278
544.79 0.00028166
545.02 0.00028033
545.25 0.00027983
545.47 0.00027977
545.7 0.00028041
545.93 0.000282
546.15 0.00028468
546.38 0.00028668
546.61 0.00028781
546.83 0.00028837
547.06 0.000285
547.29 0.00028556
547.51 0.00028289
547.74 0.0002824
547.97 0.0002793
548.2 0.0002799
548.42 0.0002772
548.65 0.00027672
548.88 0.00027456
549.1 0.00027481
549.33 0.00027273
549.56 0.00027297
549.78 0.00027011
550.01 0.00027055
550.24 0.00026779
550.46 0.00027324
550.69 0.00027631
550.92 0.00027857
551.14 0.00028103
551.37 0.00028631
551.6 0.00028463
551.83 0.00028531
552.05 0.00028522
552.28 0.00028703
552.51 0.0002867
552.73 0.00028746
552.96 0.00028599
553.19 0.0002852
553.41 0.00028619
553.64 0.00028399
553.87 0.000285
554.09 0.00028451
554.32 0.00028545
554.55 0.00028703
554.78 0.00028659
555 0.00028476
555.23 0.00028844
555.46 0.00028841
555.68 0.00028857
555.91 0.0002905
556.14 0.00029307
556.36 0.00029294
556.59 0.00029523
556.82 0.00029405
557.04 0.00029258
557.27 0.0002963
557.5 0.0003008
557.73 0.00029723
557.95 0.00029727
558.18 0.0002989
558.41 0.00030119
558.63 0.00030561
558.86 0.00030368
559.09 0.00030801
559.31 0.00031179
559.54 0.00031536
559.77 0.00031734
559.99 0.000322
560.22 0.00032449
560.45 0.00032077
560.68 0.00032181
560.9 0.00031962
561.13 0.00031816
561.36 0.00031266
561.58 0.00031215
561.81 0.00030785
562.04 0.00030607
562.26 0.00030137
562.49 0.00030253
562.72 0.00029918
562.94 0.00029521
563.17 0.00029401
563.4 0.00028883
563.62 0.00028914
563.85 0.00028589
564.08 0.00028223
564.31 0.00027864
564.53 0.00027734
564.76 0.00027019
564.99 0.00027009
565.21 0.00027146
565.44 0.00027654
565.67 0.00027409
565.89 0.00027576
566.12 0.00027469
566.35 0.00027172
566.57 0.00027155
566.8 0.0002643
567.03 0.00025849
567.26 0.00025468
567.48 0.00025232
567.71 0.00025168
567.94 0.00024847
568.16 0.00024704
568.39 0.00024497
568.62 0.00024578
568.84 0.0002445
569.07 0.00024275
569.3 0.0002426
569.52 0.00024135
569.75 0.00023968
569.98 0.00023756
570.21 0.00024152
570.43 0.00024294
570.66 0.00024486
570.89 0.00024546
571.11 0.00024467
571.34 0.00024459
571.57 0.00024138
571.79 0.00023908
572.02 0.00023604
572.25 0.00023657
572.47 0.00023371
572.7 0.00023815
572.93 0.00023596
573.16 0.00023755
573.38 0.00023689
573.61 0.00023915
573.84 0.00024017
574.06 0.00024372
574.29 0.00024857
574.52 0.00025129
574.74 0.00025653
574.97 0.00025982
575.2 0.0002601
575.42 0.0002603
575.65 0.0002607
575.88 0.0002573
576.1 0.00025759
576.33 0.00025643
576.56 0.00025678
576.79 0.00026031
577.01 0.00026355
577.24 0.00026767
577.47 0.0002709
577.69 0.00027344
577.92 0.0002782
578.15 0.00028216
578.37 0.00028515
578.6 0.00028822
578.83 0.00029203
579.05 0.0002928
579.28 0.00029248
579.51 0.00029239
579.74 0.0002915
579.96 0.00028772
580.19 0.00028567
580.42 0.00028245
580.64 0.00027949
580.87 0.00027562
581.1 0.00027626
581.32 0.00027561
581.55 0.00027366
581.78 0.00027195
582 0.00027025
582.23 0.00026849
582.46 0.0002692
582.69 0.00026625
582.91 0.00026368
583.14 0.00026031
583.37 0.00026136
583.59 0.00026092
583.82 0.00026317
584.05 0.00026441
584.27 0.00026265
584.5 0.00026409
584.73 0.00026904
584.95 0.00027318
585.18 0.00027767
585.41 0.00028088
585.64 0.00028184
585.86 0.00028798
586.09 0.00028443
586.32 0.00027979
586.54 0.00027745
586.77 0.00028269
587 0.00028671
587.22 0.0002858
587.45 0.00029531
587.68 0.00029791
587.9 0.0003069
588.13 0.000319
588.36 0.00032871
588.59 0.00033793
588.81 0.00034684
589.04 0.00035018
589.27 0.00035703
589.49 0.000371
589.72 0.00037708
589.95 0.00038534
590.17 0.0003938
590.4 0.0004028
590.63 0.00040911
590.85 0.00041471
591.08 0.000415
591.31 0.00042147
591.53 0.00042055
591.76 0.0004267
591.99 0.00041758
592.22 0.00041718
592.44 0.00041379
592.67 0.00041317
592.9 0.00041986
593.12 0.00041542
593.35 0.00041707
593.58 0.0004017
593.8 0.0004078
594.03 0.00042137
594.26 0.0004201
594.48 0.00040358
594.71 0.00040448
594.94 0.00036665
595.17 0.0003691
595.39 0.00036316
595.62 0.00035275
595.85 0.00035804
596.07 0.00033072
596.3 0.00033789
596.53 0.00031419
596.75 0.00031387
596.98 0.00032391
597.21 0.00030819
597.43 0.00029182
597.66 0.00029658
597.89 0.00029738
598.12 0.00027817
598.34 0.00027067
598.57 0.0003009
598.8 0.00029589
599.02 0.00029048
599.25 0.00029146
599.48 0.00027106
599.7 0.00029043
599.93 0.00030639
600.16 0.00028498
600.38 0.00031438
600.61 0.00029495
600.84 0.00029298
601.07 0.00031065
601.29 0.00028237
601.52 0.00028431
601.75 0.00030349
601.97 0.00030632
602.2 0.00029573
602.43 0.00032218
602.65 0.00027686
602.88 0.00031851
603.11 0.00032404
603.33 0.00031749
603.56 0.0003197
603.79 0.00031276
604.01 0.00031624
604.24 0.00027622
604.47 0.00028595
604.7 0.00027478
604.92 0.00030106
605.15 0.00028288
605.38 0.00026492
605.6 0.00027243
605.83 0.0002807
606.06 0.00026685
606.28 0.00027994
606.51 0.00026206
606.74 0.00024985
606.96 0.00028092
607.19 0.00025389
607.42 0.00024337
607.65 0.00025884
607.87 0.00027867
608.1 0.00024004
608.33 0.00022749
608.55 0.00025893
608.78 0.00023553
609.01 0.00025898
609.23 0.00023842
609.46 0.0002084
609.69 0.0002344
609.91 0.00020226
610.14 0.00019981
610.37 0.00020202
610.6 0.00020742
610.82 0.00018544
611.05 0.00019206
611.28 0.00016744
611.5 0.00018611
611.73 0.00016173
611.96 0.00014588
612.18 0.00013983
612.41 0.00015702
612.64 0.00016391
612.86 0.00014739
613.09 0.00014342
613.32 0.00013361
613.55 0.00013188
613.77 0.0001207
614 0.00012529
614.23 0.00011647
614.45 0.00011767
614.68 0.00011043
614.91 0.00013292
615.13 0.00011976
615.36 0.00012712
615.59 0.00012589
615.81 0.00014392
616.04 0.00014725
616.27 0.00014196
616.49 0.00014737
616.72 0.00015089
616.95 0.00014456
617.18 0.00013735
617.4 0.00012711
617.63 0.00012841
617.86 0.00012799
618.08 0.00011376
618.31 0.00010749
618.54 9.4167e-05
618.76 9.7126e-05
618.99 7.8934e-05
619.22 7.1654e-05
619.44 5.3499e-05
619.67 3.2148e-05
619.9 3.1272e-05
620.13 5.1203e-06
620.35 7.9232e-06
620.58 2.1179e-05
620.81 3.7951e-05
621.03 4.5624e-05
621.26 5.3772e-05
621.49 4.9508e-05
621.71 4.6282e-05
621.94 3.5449e-05
622.17 3.4341e-05
622.39 2.8774e-05
622.62 2.0632e-05
622.85 1.1501e-05
623.08 4.4418e-07
623.3 1.0537e-05
623.53 1.7199e-05
623.76 2.3789e-05
623.98 4.4802e-05
624.21 4.3402e-05
624.44 4.8725e-05
624.66 4.3619e-05
624.89 5.3971e-05
625.12 5.2851e-05
625.34 6.1844e-05
625.57 8.3086e-05
