450.05 0.0001386
450.3 0.0001386
450.55 0.0001386
450.8 0.00016799
451.04 0.00016799
451.29 0.00016799
451.54 0.00016799
451.79 0.00016799
452.04 0.00016799
452.29 0.00016799
452.54 0.00016799
452.79 0.00016799
453.04 0.00016799
453.29 0.00016799
453.54 0.00016799
453.79 0.00016799
454.04 0.00016799
454.29 0.00016799
454.54 0.00019738
454.79 0.00019738
455.03 0.00019738
455.28 0.00019738
455.53 0.00019738
455.78 0.00022677
456.03 0.00022677
456.28 0.00028554
456.53 0.00028554
456.78 0.00031493
457.03 0.00034432
457.28 0.00040309
457.53 0.00040309
457.78 0.00046187
458.03 0.00049126
458.28 0.00055003
458.53 0.00057942
458.78 0.0006382
459.02 0.00066759
459.27 0.00072636
459.52 0.00078513
459.77 0.00084391
460.02 0.00090269
460.27 0.00099084
460.52 0.0010496
460.77 0.0011378
461.02 0.001226
461.27 0.0012848
461.52 0.0013729
461.77 0.0014904
462.02 0.001608
462.27 0.0017843
462.52 0.0019312
462.77 0.002137
463.01 0.0024602
463.26 0.0027541
463.51 0.0040178
463.76 0.0056929
464.01 0.0073973
464.26 0.0096309
464.51 0.011306
464.76 0.013774
465.01 0.014714
465.26 0.014921
465.51 0.014744
465.76 0.014127
466.01 0.013774
466.26 0.012247
466.51 0.010307
466.76 0.0086023
467 0.007368
467.25 0.0065746
467.5 0.005017
467.75 0.003959
468 0.002901
468.25 0.0023721
468.5 0.0021076
468.75 0.0016961
469 0.0015198
469.25 0.0014023
469.5 0.0012553
469.75 0.0011378
470 0.001079
470.25 0.0010202
470.5 0.00093208
470.75 0.00084391
470.99 0.00078513
471.24 0.00075574
471.49 0.00069697
471.74 0.00069697
471.99 0.00072636
472.24 0.00075574
472.49 0.00075574
472.74 0.00078513
472.99 0.00081452
473.24 0.00081452
473.49 0.00081452
473.74 0.00081452
473.99 0.00081452
474.24 0.00075574
474.49 0.00066759
474.74 0.00066759
474.98 0.00060881
475.23 0.00049126
475.48 0.00046187
475.73 0.00037371
475.98 0.00034432
476.23 0.00028554
476.48 0.00022677
476.73 0.00019738
476.98 0.00019738
477.23 0.00016799
477.48 0.00016799
477.73 0.00016799
477.98 0.00016799
478.23 0.0001386
478.48 0.0001386
478.73 0.0001386
478.98 0.0001386
479.22 0.0001386
479.47 0.0001386
479.72 0.0001386
479.97 0.0001386
480.22 0.0001386
480.47 0.00010922
480.72 0.00010922
480.97 0.00010922
481.22 0.00010922
481.47 0.00010922
481.72 0.00010922
481.97 0.00010922
482.22 0.00010922
482.47 0.00010922
482.72 0.00010922
482.97 0.00010922
483.21 0.0001386
483.46 0.0001386
483.71 0.0001386
483.96 0.0001386
484.21 0.0001386
484.46 0.0001386
484.71 0.0001386
484.96 0.0001386
485.21 0.0001386
485.46 0.0001386
485.71 0.00016799
485.96 0.00016799
486.21 0.00016799
486.46 0.00016799
486.71 0.00016799
486.96 0.00019738
487.2 0.00019738
487.45 0.00028554
487.7 0.00028554
487.95 0.00028554
488.2 0.00028554
488.45 0.00034432
488.7 0.00034432
488.95 0.00034432
489.2 0.00037371
489.45 0.00037371
489.7 0.00037371
489.95 0.00037371
490.2 0.00034432
490.45 0.00034432
490.7 0.00034432
490.95 0.00028554
491.19 0.00025616
491.44 0.00019738
491.69 0.00016799
491.94 0.0001386
492.19 0.0001386
492.44 0.0001386
492.69 0.00010922
492.94 0
493.19 0
493.44 0
493.69 0
493.94 0
494.19 0
494.44 0
494.69 0
494.94 0
495.18 0
495.43 0
495.68 0
495.93 0
496.18 0
496.43 0
496.68 0
496.93 0
497.18 0
497.43 0
497.68 0
497.93 0
498.18 0
498.43 0
498.68 0
498.93 0
499.17 0
499.42 0
499.67 0
499.92 0
500.17 0
500.42 0
500.67 0
500.92 0
501.17 0
501.42 0
501.67 0
501.92 0
502.17 0
502.42 0
502.67 0
502.92 0
503.16 0
503.41 0
503.66 0
503.91 0
504.16 0
504.41 0
504.66 0
504.91 0
505.16 0
505.41 0
505.66 0
505.91 0
506.16 0
506.41 0
506.66 0.00010922
506.91 0.00010922
507.15 0.00010922
507.4 0.00010922
507.65 0.00010922
507.9 0.0001386
508.15 0.00010922
508.4 0.00010922
508.65 0.0001386
508.9 0.0001386
509.15 0.0001386
509.4 0.0001386
509.65 0.0001386
509.9 0.0001386
510.15 0.0001386
510.4 0.0001386
510.65 0.0001386
510.9 0.0001386
511.15 0.00016799
511.39 0.00016799
511.64 0.00016799
511.89 0.00016799
512.14 0.00016799
512.39 0.0001386
512.64 0.0001386
512.89 0.0001386
513.14 0.0001386
513.39 0.0001386
513.64 0.0001386
513.89 0.0001386
514.14 0.0001386
514.39 0.00016799
514.64 0.00016799
514.89 0.00016799
515.14 0.00016799
515.38 0.00016799
515.63 0.00016799
515.88 0.00016799
516.13 0.00016799
516.38 0.00016799
516.63 0.00016799
516.88 0.00016799
517.13 0.00019738
517.38 0.00019738
517.63 0.00019738
517.88 0.00019738
518.13 0.00022677
518.38 0.00022677
518.63 0.00022677
518.88 0.00022677
519.13 0.00022677
519.37 0.00025616
519.62 0.00025616
519.87 0.00028554
520.12 0.00028554
520.37 0.00028554
520.62 0.00028554
520.87 0.00034432
521.12 0.00034432
521.37 0.00034432
521.62 0.00034432
521.87 0.00040309
522.12 0.00040309
522.37 0.00046187
522.62 0.00049126
522.87 0.00057942
523.12 0.0006382
523.36 0.00075574
523.61 0.0008733
523.86 0.0010496
524.11 0.001226
524.36 0.0017843
524.61 0.0026953
524.86 0.0036946
525.11 0.0052521
525.36 0.006986
525.61 0.0075149
525.86 0.0075737
526.11 0.0074561
526.36 0.0065746
526.61 0.0050463
526.86 0.0040178
527.11 0.0030773
527.35 0.0024897
527.6 0.0018724
527.85 0.0015492
528.1 0.0014023
528.35 0.0011966
528.6 0.0011378
528.85 0.0010202
529.1 0.00099084
529.35 0.00093208
529.6 0.0008733
529.85 0.0008733
530.1 0.0008733
530.35 0.0008733
530.6 0.00093208
530.85 0.00093208
531.1 0.0010202
531.34 0.0010496
531.59 0.0011378
531.84 0.0012553
532.09 0.0014023
532.34 0.0015492
532.59 0.0017843
532.84 0.0018724
533.09 0.0021076
533.34 0.0023427
533.59 0.0025778
533.84 0.0028717
534.09 0.0031361
534.34 0.0032831
534.59 0.0034888
534.84 0.0036063
535.09 0.0036651
535.33 0.0037533
535.58 0.0037533
535.83 0.0037533
536.08 0.0036946
536.33 0.0035476
536.58 0.0034007
536.83 0.0030773
537.08 0.002901
537.33 0.0027248
537.58 0.002519
537.83 0.0023133
538.08 0.0019607
538.33 0.0017549
538.58 0.0015786
538.83 0.0013729
539.08 0.0012553
539.32 0.0011672
539.57 0.0010496
539.82 0.00096147
540.07 0.00084391
540.32 0.00078513
540.57 0.00072636
540.82 0.00066759
541.07 0.00060881
541.32 0.00055003
541.57 0.00052064
541.82 0.00049126
542.07 0.00046187
542.32 0.00046187
542.57 0.00040309
542.82 0.00040309
543.07 0.00040309
543.32 0.00034432
543.56 0.00034432
543.81 0.00031493
544.06 0.00028554
544.31 0.00028554
544.56 0.00028554
544.81 0.00028554
545.06 0.00028554
545.31 0.00028554
545.56 0.00028554
545.81 0.00028554
546.06 0.00028554
546.31 0.00028554
546.56 0.00028554
546.81 0.00028554
547.06 0.00028554
547.31 0.00028554
547.55 0.00028554
547.8 0.00028554
548.05 0.00028554
548.3 0.00028554
548.55 0.00022677
548.8 0.00022677
549.05 0.00022677
549.3 0.00022677
549.55 0.00022677
549.8 0.00022677
550.05 0.00022677
550.3 0.00022677
550.55 0.00022677
550.8 0.00022677
551.05 0.00022677
551.3 0.00022677
551.54 0.00022677
551.79 0.00022677
552.04 0.00025616
552.29 0.00028554
552.54 0.00028554
552.79 0.00028554
553.04 0.00028554
553.29 0.00034432
553.54 0.00034432
553.79 0.00034432
554.04 0.00034432
554.29 0.00034432
554.54 0.00037371
554.79 0.00037371
555.04 0.00037371
555.29 0.00034432
555.53 0.00037371
555.78 0.00031493
556.03 0.00031493
556.28 0.00031493
556.53 0.00031493
556.78 0.00031493
557.03 0.00028554
557.28 0.00028554
557.53 0.00025616
557.78 0.00022677
558.03 0.00022677
558.28 0.00016799
558.53 0.00016799
558.78 0.00016799
559.03 0.00016799
559.28 0.0001386
559.52 0.0001386
559.77 0.0001386
560.02 0.0001386
560.27 0.0001386
560.52 0.0001386
560.77 0.0001386
561.02 0.0001386
561.27 0.00010922
561.52 0.00010922
561.77 0.00010922
562.02 0
562.27 0
562.52 0
562.77 0
563.02 0
563.27 0
563.51 0
563.76 0
564.01 0
564.26 0
564.51 0
564.76 0
565.01 0
565.26 0
565.51 0
565.76 0
566.01 0
566.26 0
566.51 0
566.76 0
567.01 0
567.26 0
567.5 0
567.75 0
568 0
568.25 0
568.5 0
568.75 0
569 0
569.25 0
569.5 0
569.75 0
570 0
570.25 0
570.5 0
570.75 0
571 0
571.25 0
571.5 0
571.74 0
571.99 0
572.24 0
572.49 0
572.74 0
572.99 0
573.24 0
573.49 0
573.74 0
573.99 0
574.24 0
574.49 0
574.74 0
574.99 0.00010922
575.24 0.00010922
575.49 0.00010922
575.73 0.0001386
575.98 0.0001386
576.23 0.0001386
576.48 0.00016799
576.73 0.00019738
576.98 0.00019738
577.23 0.00019738
577.48 0.00022677
577.73 0.00022677
577.98 0.00022677
578.23 0.00028554
578.48 0.00034432
578.73 0.00040309
578.98 0.00040309
579.23 0.00046187
579.48 0.00046187
579.72 0.00043248
579.97 0.00040309
580.22 0.00040309
580.47 0.00034432
580.72 0.00034432
580.97 0.00028554
581.22 0.00028554
581.47 0.00028554
581.72 0.00028554
581.97 0.00025616
582.22 0.00025616
582.47 0.00022677
582.72 0.00022677
582.97 0.00025616
583.22 0.00025616
583.47 0.00028554
583.71 0.00028554
583.96 0.00028554
584.21 0.00028554
584.46 0.00034432
584.71 0.00034432
584.96 0.00037371
585.21 0.00040309
585.46 0.00043248
585.71 0.00046187
585.96 0.00052064
586.21 0.00057942
586.46 0.00060881
586.71 0.0006382
586.96 0.00069697
587.21 0.00078513
587.46 0.0008733
587.7 0.0010202
587.95 0.0011378
588.2 0.001226
588.45 0.0014023
588.7 0.0015492
588.95 0.0016961
589.2 0.0018724
589.45 0.0020194
589.7 0.0021663
589.95 0.0023427
590.2 0.0024309
590.45 0.002519
590.7 0.0025484
590.95 0.0025778
591.2 0.0025778
591.45 0.0025778
591.69 0.0025778
591.94 0.002519
592.19 0.0024602
592.44 0.0023721
592.69 0.0022546
592.94 0.002137
593.19 0.0020194
593.44 0.0017843
593.69 0.0016373
593.94 0.001461
594.19 0.0013141
594.44 0.001226
594.69 0.0011378
594.94 0.00096147
595.19 0.00084391
595.44 0.00078513
595.68 0.00072636
595.93 0.00066759
596.18 0.00060881
596.43 0.00052064
596.68 0.00052064
596.93 0.00046187
597.18 0.00043248
597.43 0.00040309
597.68 0.00034432
597.93 0.00034432
598.18 0.00031493
598.43 0.00028554
598.68 0.00028554
598.93 0.00022677
599.18 0.00022677
599.43 0.00022677
599.67 0.00022677
599.92 0.00022677
600.17 0.00019738
600.42 0.00019738
600.67 0.00019738
600.92 0.0001386
601.17 0.0001386
601.42 0.0001386
601.67 0.0001386
601.92 0.0001386
602.17 0.0001386
602.42 0.0001386
602.67 0.0001386
602.92 0.00010922
603.17 0.00010922
603.42 0.00010922
603.67 0.00010922
603.91 0.00010922
604.16 0.00010922
604.41 0.00010922
604.66 0.00010922
604.91 0.00010922
605.16 0.00010922
605.41 0.00010922
605.66 0.00010922
605.91 0.00010922
606.16 0.00010922
606.41 0.00010922
606.66 0
606.91 0
607.16 0
607.41 0
607.66 0
